 DGESV Example Program Results
   4.0259111008040384E+085
   3.6599191825491260E+084
   3.3271992568628417E+083
   3.0247265971480375E+082
   2.7497514519527614E+081
   2.4997740472297831E+080
   2.2725218611179845E+079
   2.0659289646527131E+078
   1.8781172405933753E+077
   1.7073793096303412E+076
   1.5521630087548558E+075
   1.4110572806862325E+074
   1.2827793460783933E+073
   1.1661630418894486E+072
   1.0601482198994988E+071
   9.6377110899954439E+069
   8.7615555363594955E+068
   7.9650504875995407E+067
   7.2409549887268556E+066
   6.5826863533880504E+065
   5.9842603212618633E+064
   5.4402366556926029E+063
   4.9456696869932756E+062
   4.4960633518120681E+061
   4.0873303198291526E+060
   3.7157548362083206E+059
   3.3779589420075643E+058
   3.0708717654614222E+057
   2.7917016049649290E+056
   2.5379105499681173E+055
   2.3071914090619251E+054
   2.0974467355108408E+053
   1.9067697595553098E+052
   1.7334270541411906E+051
   1.5758427764919912E+050
   1.4325843422654466E+049
   1.3023494020594971E+048
   1.1839540018722702E+047
   1.0763218198838819E+046
   9.7847438171262000E+044
   8.8952216519329096E+043
   8.0865651381208269E+042
   7.3514228528371152E+041
   6.6831116843973774E+040
   6.0755560767248887E+039
   5.5232327970226260E+038
   5.0211207245660239E+037
   4.5646552041509309E+036
   4.1496865492281194E+035
   3.7724423174801083E+034
   3.4294930158910076E+033
   3.1177209235372795E+032
   2.8342917486702541E+031
   2.5766288624275036E+030
   2.3423898749340942E+029
   2.1294453408491768E+028
   1.9358594007719789E+027
   1.7598721825199807E+026
   1.5998838022908914E+025
   1.4544398202644469E+024
   1.3222180184222244E+023
   1.2020163803838404E+022
   1.0927421639853095E+021
   9.9340196725937226E+019
   9.0309269750852035E+018
   8.2099336137138214E+017
   74635760124671104.
   6785069102242829.0
   616824463840257.75
   56074951258205.891
   5097722841655.7275
   463429349242.08527
   42129940840.854111
   3829994622.5694647
   348181330.00722408
   31652848.874293100
   2877532.4167539184
   261594.56606853806
   23782.043278958005
   2162.7321162689095
   197.34928329717360
   18.687207572470328
   2.4542915974973027
  0.98766287249975449
  0.86342389749997750
  0.86122035431817778
  0.87011094130165390
  0.88001008557287719
  0.89000091687026384
  0.90000008335184134
  0.91000000757743749
  0.92000000068885868
  0.93000000006262340
  0.94000000000569273
  0.95000000000051799
  0.96000000000004704
  0.97000000000000419
  0.98000000000000043
  0.98999999999999999
   1.0000000000000000