Iteration Loss
0.000000 1358.808128
1.000000 1338.275703
2.000000 1324.514222
3.000000 1311.850923
4.000000 1302.764610
5.000000 1294.772332
6.000000 1287.607856
7.000000 1280.854629
8.000000 1274.562023
9.000000 1269.674975
10.000000 1264.824496
11.000000 1260.049248
12.000000 1255.237844
13.000000 1250.918309
14.000000 1246.637318
15.000000 1242.359646
16.000000 1238.182516
17.000000 1234.080066
18.000000 1230.019302
19.000000 1226.220734
20.000000 1221.970012
21.000000 1217.751514
22.000000 1214.098339
23.000000 1210.410136
24.000000 1206.911503
25.000000 1203.465872
26.000000 1200.003446
27.000000 1196.627298
28.000000 1193.150491
29.000000 1189.834314
30.000000 1186.518339
31.000000 1183.266992
32.000000 1179.930664
33.000000 1176.358809
34.000000 1173.114029
35.000000 1170.131056
36.000000 1167.064526
37.000000 1164.036519
38.000000 1160.988772
39.000000 1157.943838
40.000000 1154.936227
41.000000 1152.101044
42.000000 1149.292326
43.000000 1146.351388
44.000000 1143.654094
45.000000 1140.811945
46.000000 1137.908901
47.000000 1135.185680
48.000000 1132.358976
49.000000 1129.582079
50.000000 1126.923750
51.000000 1124.163893
52.000000 1121.556878
53.000000 1118.967886
54.000000 1116.162171
55.000000 1113.652654
56.000000 1111.002305
57.000000 1108.526573
58.000000 1106.000028
59.000000 1103.430452
60.000000 1100.807880
61.000000 1098.284922
62.000000 1095.758393
63.000000 1093.266021
64.000000 1090.717654
65.000000 1088.225530
66.000000 1085.779686
67.000000 1083.360774
68.000000 1081.034464
69.000000 1078.629376
70.000000 1076.449087
71.000000 1074.194746
72.000000 1071.932799
73.000000 1069.527323
74.000000 1067.194792
75.000000 1064.888503
76.000000 1062.581935
77.000000 1060.203895
78.000000 1057.946810
79.000000 1055.719124
80.000000 1053.435570
81.000000 1051.238685
82.000000 1048.929683
83.000000 1046.750022
84.000000 1044.536759
85.000000 1042.320828
86.000000 1040.210693
87.000000 1037.915787
88.000000 1035.759909
89.000000 1033.658473
90.000000 1031.517703
91.000000 1029.390715
92.000000 1027.282572
93.000000 1025.007959
94.000000 1022.889413
95.000000 1020.783913
96.000000 1018.697641
97.000000 1016.577574
98.000000 1014.363237
99.000000 1011.632486
100.000000 1009.687328
101.000000 1007.198158
102.000000 1005.141311
103.000000 1003.151093
104.000000 1001.136919
105.000000 999.179299
106.000000 997.157840
107.000000 995.130971
108.000000 993.257420
109.000000 991.200444
110.000000 989.337241
111.000000 987.458306
112.000000 985.648187
113.000000 983.807693
114.000000 981.940558
115.000000 980.110421
116.000000 977.853610
117.000000 976.049619
118.000000 974.227992
119.000000 972.377918
120.000000 970.562492
121.000000 968.639463
122.000000 966.859360
123.000000 965.009013
124.000000 963.337966
125.000000 961.580698
126.000000 959.770559
127.000000 958.064297
128.000000 956.280990
129.000000 954.480668
130.000000 952.822362
131.000000 951.118053
132.000000 949.542621
133.000000 947.841823
134.000000 946.149006
135.000000 944.469484
136.000000 942.820386
137.000000 941.165737
138.000000 939.540617
139.000000 937.896995
140.000000 936.392763
141.000000 934.694022
142.000000 933.142388
143.000000 931.232281
144.000000 929.642610
145.000000 928.078823
146.000000 926.393184
147.000000 924.786659
148.000000 923.121329
149.000000 921.442729
150.000000 919.819069
151.000000 918.137896
152.000000 916.599824
153.000000 915.058120
154.000000 913.616270
155.000000 912.020031
156.000000 910.419328
157.000000 908.887357
158.000000 907.403505
159.000000 905.826878
160.000000 904.341666
161.000000 902.796734
162.000000 901.352564
163.000000 899.777659
164.000000 898.288469
165.000000 896.858982
166.000000 895.298080
167.000000 893.813595
168.000000 892.368077
169.000000 890.573635
170.000000 889.191923
171.000000 887.354570
172.000000 885.900709
173.000000 884.450953
174.000000 882.964226
175.000000 881.522483
176.000000 880.140696
177.000000 878.817611
178.000000 877.329752
179.000000 875.878214
180.000000 874.470214
181.000000 873.054712
182.000000 871.732570
183.000000 870.364637
184.000000 869.081258
185.000000 867.635372
186.000000 866.095246
187.000000 864.796621
188.000000 863.512262
189.000000 862.039629
190.000000 860.622665
191.000000 859.361573
192.000000 857.959731
193.000000 856.674793
194.000000 855.343022
195.000000 854.080846
196.000000 852.641499
197.000000 851.364448
198.000000 850.069157
199.000000 848.693668
200.000000 847.334491
201.000000 846.048861
202.000000 844.755815
203.000000 843.493460
204.000000 842.213182
205.000000 840.918552
206.000000 839.574531
207.000000 838.379706
208.000000 837.060197
209.000000 835.775123
210.000000 834.556548
211.000000 833.453565
212.000000 832.269082
213.000000 831.007557
214.000000 829.762115
215.000000 828.513748
216.000000 827.294120
217.000000 826.012611
218.000000 824.745593
219.000000 823.544547
220.000000 822.315459
221.000000 820.784913
222.000000 819.659958
223.000000 818.521105
224.000000 817.315740
225.000000 815.972126
226.000000 814.739751
227.000000 813.584686
228.000000 812.264915
229.000000 811.070857
230.000000 809.858820
231.000000 808.699446
232.000000 807.431110
233.000000 806.257216
234.000000 805.121086
235.000000 804.023364
236.000000 802.979123
237.000000 801.795019
238.000000 800.713133
239.000000 799.646011
240.000000 798.428567
241.000000 797.285035
242.000000 796.114743
243.000000 795.007195
244.000000 793.853730
245.000000 792.689267
246.000000 791.536226
247.000000 790.399575
248.000000 789.264748
249.000000 788.126789
250.000000 787.110996
251.000000 785.936923
252.000000 784.774453
253.000000 783.438956
254.000000 782.231391
255.000000 781.156206
256.000000 780.165051
257.000000 779.116264
258.000000 778.000870
259.000000 777.042073
260.000000 775.961952
261.000000 774.916540
262.000000 773.751585
263.000000 772.760402
264.000000 771.683203
265.000000 770.535343
266.000000 769.363640
267.000000 768.332009
268.000000 767.208415
269.000000 766.116454
270.000000 765.080165
271.000000 764.069575
272.000000 763.105908
273.000000 762.065146
274.000000 760.971563
275.000000 759.167828
276.000000 758.080940
277.000000 757.033456
278.000000 756.035328
279.000000 755.017115
280.000000 753.911668
281.000000 752.892045
282.000000 751.912764
283.000000 750.940228
284.000000 749.927513
285.000000 748.890546
286.000000 747.979316
287.000000 746.893892
288.000000 745.891454
289.000000 744.884428
290.000000 743.893815
291.000000 742.912622
292.000000 741.912990
293.000000 740.975631
294.000000 740.030719
295.000000 738.937681
296.000000 738.005171
297.000000 737.136067
298.000000 736.217221
299.000000 735.223356
300.000000 734.276242
301.000000 733.360556
302.000000 732.401202
303.000000 731.486756
304.000000 730.470186
305.000000 729.198892
306.000000 728.344800
307.000000 727.347623
308.000000 726.441993
309.000000 725.499862
310.000000 724.520461
311.000000 723.450562
312.000000 722.438433
313.000000 721.495640
314.000000 720.606287
315.000000 719.645669
316.000000 718.804818
317.000000 717.913921
318.000000 716.919095
319.000000 716.008037
320.000000 715.161129
321.000000 714.337883
322.000000 713.283833
323.000000 712.425264
324.000000 711.576293
325.000000 710.715386
326.000000 709.851696
327.000000 708.868929
328.000000 707.934688
329.000000 706.957760
330.000000 706.109831
331.000000 705.228145
332.000000 704.252791
333.000000 703.186542
334.000000 702.272419
335.000000 701.501613
336.000000 700.683565
337.000000 699.707256
338.000000 698.828750
339.000000 697.989106
340.000000 697.123355
341.000000 696.217908
342.000000 695.364996
343.000000 694.538348
344.000000 693.544906
345.000000 692.684885
346.000000 691.299503
347.000000 690.472108
348.000000 689.615065
349.000000 688.739100
350.000000 687.932834
351.000000 687.178445
352.000000 686.452983
353.000000 685.672653
354.000000 684.806220
355.000000 683.901404
356.000000 682.997922
357.000000 682.256537
358.000000 681.521273
359.000000 680.693287
360.000000 679.933651
361.000000 679.149638
362.000000 678.396537
363.000000 677.600982
364.000000 676.813019
365.000000 676.006545
366.000000 675.245204
367.000000 674.491573
368.000000 673.699378
369.000000 672.843651
370.000000 672.083158
371.000000 671.323088
372.000000 670.413071
373.000000 669.587291
374.000000 668.835918
375.000000 668.014615
376.000000 667.261508
377.000000 666.507865
378.000000 665.741284
379.000000 665.014414
380.000000 663.932260
381.000000 663.196061
382.000000 662.059153
383.000000 661.391490
384.000000 660.624849
385.000000 659.941075
386.000000 659.155944
387.000000 658.376654
388.000000 657.534776
389.000000 656.857298
390.000000 656.016501
391.000000 655.195556
392.000000 654.465337
393.000000 653.680559
394.000000 652.876033
395.000000 652.084136
396.000000 651.418676
397.000000 650.700226
398.000000 649.983094
399.000000 649.033405
400.000000 647.990505
401.000000 647.280154
402.000000 646.560476
403.000000 645.834590
404.000000 645.096733
405.000000 644.364907
406.000000 643.575225
407.000000 642.837833
408.000000 642.188126
409.000000 641.536184
410.000000 640.882424
411.000000 640.139815
412.000000 639.452092
413.000000 638.687426
414.000000 637.926281
415.000000 637.141480
416.000000 636.340315
417.000000 635.714938
418.000000 634.826211
419.000000 634.143321
420.000000 633.406646
421.000000 632.699431
422.000000 631.937089
423.000000 631.197855
424.000000 630.574167
425.000000 629.806078
426.000000 629.116062
427.000000 628.447397
428.000000 627.709394
429.000000 627.100724
430.000000 626.331279
431.000000 625.661762
432.000000 625.009963
433.000000 624.267861
434.000000 623.626106
435.000000 622.906377
436.000000 622.223956
437.000000 621.531878
438.000000 620.913186
439.000000 620.205924
440.000000 619.574091
441.000000 618.827526
442.000000 618.137499
443.000000 617.409214
444.000000 616.812671
445.000000 616.161811
446.000000 615.561768
447.000000 614.918486
448.000000 614.270885
449.000000 613.672532
450.000000 612.997915
451.000000 612.415771
452.000000 611.793387
453.000000 611.135425
454.000000 610.474903
455.000000 609.788598
456.000000 609.133048
457.000000 608.492166
458.000000 607.769011
459.000000 607.011186
460.000000 606.328339
461.000000 605.646455
462.000000 604.980082
463.000000 603.701599
464.000000 602.962920
465.000000 602.341458
466.000000 601.718779
467.000000 601.074978
468.000000 600.403125
469.000000 599.843758
470.000000 599.129258
471.000000 598.568666
472.000000 597.877493
473.000000 597.220087
474.000000 596.525634
475.000000 595.866278
476.000000 595.205972
477.000000 594.535200
478.000000 593.444502
479.000000 592.766627
480.000000 592.131975
481.000000 591.540347
482.000000 590.885306
483.000000 590.299487
484.000000 589.666754
485.000000 589.046907
486.000000 588.471857
487.000000 587.860074
488.000000 587.195977
489.000000 586.601836
490.000000 585.956308
491.000000 585.301809
492.000000 584.747743
493.000000 583.921245
494.000000 583.407242
495.000000 582.778327
496.000000 582.132186
497.000000 581.499313
498.000000 580.938461
499.000000 580.388621
