Iteration Loss
0.000000 3554.244845
1.000000 3193.238440
2.000000 2963.579664
3.000000 2793.253267
4.000000 2668.459302
5.000000 2560.507467
6.000000 2471.200514
7.000000 2401.390785
8.000000 2335.948704
9.000000 2281.237339
10.000000 2227.880371
11.000000 2178.735490
12.000000 2125.756931
13.000000 2088.720828
14.000000 2048.281668
15.000000 2018.053166
16.000000 1984.971574
17.000000 1954.423690
18.000000 1917.581492
19.000000 1882.187962
20.000000 1859.447946
21.000000 1828.667344
22.000000 1800.324333
23.000000 1782.643911
24.000000 1757.938582
25.000000 1730.697908
26.000000 1710.943272
27.000000 1693.895745
28.000000 1672.657268
29.000000 1651.118905
30.000000 1633.317001
31.000000 1612.252771
32.000000 1595.045545
33.000000 1577.287219
34.000000 1563.487720
35.000000 1544.302647
36.000000 1536.451509
37.000000 1516.032792
38.000000 1501.166132
39.000000 1490.342294
40.000000 1478.138509
41.000000 1460.663891
42.000000 1447.962404
43.000000 1434.789779
44.000000 1418.729095
45.000000 1409.794285
46.000000 1398.068233
47.000000 1387.966703
48.000000 1377.460007
49.000000 1365.595417
50.000000 1351.487341
51.000000 1340.572035
52.000000 1335.993777
53.000000 1321.848941
54.000000 1312.081451
55.000000 1303.417661
56.000000 1294.039399
57.000000 1284.686299
58.000000 1275.352050
59.000000 1265.344623
60.000000 1257.504041
61.000000 1250.860664
62.000000 1241.769321
63.000000 1232.001032
64.000000 1225.143289
65.000000 1216.513869
66.000000 1211.235955
67.000000 1202.968952
68.000000 1193.740971
69.000000 1188.964584
70.000000 1183.234870
71.000000 1176.640686
72.000000 1168.989025
73.000000 1160.793482
74.000000 1154.591623
75.000000 1149.411550
76.000000 1143.989240
77.000000 1136.291702
78.000000 1129.116257
79.000000 1123.050764
80.000000 1115.466241
81.000000 1110.909040
82.000000 1105.864038
83.000000 1098.485023
84.000000 1094.139558
85.000000 1086.316329
86.000000 1080.226724
87.000000 1076.564494
88.000000 1075.097618
89.000000 1069.692096
90.000000 1064.139650
91.000000 1057.596111
92.000000 1051.248711
93.000000 1046.338344
94.000000 1042.164942
95.000000 1037.371270
96.000000 1036.199741
97.000000 1030.350043
98.000000 1022.469470
99.000000 1018.089744
100.000000 1014.543854
101.000000 1009.698242
102.000000 1004.600619
103.000000 1000.107169
104.000000 995.894400
105.000000 992.781289
106.000000 989.099587
107.000000 985.646166
108.000000 980.502715
109.000000 976.973781
110.000000 973.944350
111.000000 971.653659
112.000000 965.188898
113.000000 959.956213
114.000000 957.171198
115.000000 951.330181
116.000000 948.015094
117.000000 944.647480
118.000000 940.015893
119.000000 938.572754
120.000000 933.202040
121.000000 930.026326
122.000000 926.723468
123.000000 922.741033
124.000000 918.654609
125.000000 912.864831
126.000000 910.320586
127.000000 906.724669
128.000000 906.199322
129.000000 902.037953
130.000000 897.887744
131.000000 893.695997
132.000000 889.344846
133.000000 886.168080
134.000000 882.307736
135.000000 880.007680
136.000000 877.349095
137.000000 875.064237
138.000000 871.636051
139.000000 866.419919
140.000000 864.132320
141.000000 861.749026
142.000000 859.341480
143.000000 856.223324
144.000000 853.629969
145.000000 850.114598
146.000000 849.608415
147.000000 846.381954
148.000000 842.242367
149.000000 840.391499
150.000000 836.707594
151.000000 834.298936
152.000000 831.785712
153.000000 826.949223
154.000000 824.974109
155.000000 822.267747
156.000000 820.304260
157.000000 818.227432
158.000000 816.152313
159.000000 814.335798
160.000000 810.913476
161.000000 808.954524
162.000000 805.379154
163.000000 800.586307
164.000000 797.508658
165.000000 794.929413
166.000000 792.753169
167.000000 790.700284
168.000000 789.025707
169.000000 787.402128
170.000000 784.612339
171.000000 782.977041
172.000000 781.099602
173.000000 777.723329
174.000000 776.618481
175.000000 773.515205
176.000000 772.505992
177.000000 767.950319
178.000000 766.273804
179.000000 764.301238
180.000000 760.668820
181.000000 758.996587
182.000000 756.525548
183.000000 755.278140
184.000000 752.499484
185.000000 749.937042
186.000000 747.835738
187.000000 745.992604
188.000000 744.146848
189.000000 742.647784
190.000000 739.543222
191.000000 738.712773
192.000000 737.092818
193.000000 734.994968
194.000000 731.999619
195.000000 729.903013
196.000000 728.158848
197.000000 726.698430
198.000000 724.663536
199.000000 722.881873
200.000000 720.403830
201.000000 719.510265
202.000000 717.489067
203.000000 716.107903
204.000000 713.684179
205.000000 711.050883
206.000000 709.629220
207.000000 708.474502
208.000000 706.415015
209.000000 704.420690
210.000000 702.142402
211.000000 700.981230
212.000000 699.243949
213.000000 697.395020
214.000000 694.838384
215.000000 693.341447
216.000000 690.800367
217.000000 689.454152
218.000000 688.091147
219.000000 685.651132
220.000000 684.252706
221.000000 682.959045
222.000000 680.656119
223.000000 679.586911
224.000000 676.685429
225.000000 673.926008
226.000000 672.590485
227.000000 670.843100
228.000000 669.931207
229.000000 667.219125
230.000000 665.963979
231.000000 663.527844
232.000000 662.411541
233.000000 661.139924
234.000000 659.960060
235.000000 658.823216
236.000000 656.742163
237.000000 656.753173
238.000000 654.398618
239.000000 653.127975
240.000000 650.440913
241.000000 649.324795
242.000000 647.965186
243.000000 645.876252
244.000000 644.272809
245.000000 641.565845
246.000000 639.561289
247.000000 639.071789
248.000000 638.017741
249.000000 636.653270
250.000000 635.434333
251.000000 633.213485
252.000000 631.611662
253.000000 628.480446
254.000000 627.643930
255.000000 626.614805
256.000000 625.145801
257.000000 623.617345
258.000000 621.394111
259.000000 619.822438
260.000000 618.645657
261.000000 617.610567
262.000000 616.803638
263.000000 615.982560
264.000000 614.954905
265.000000 613.476275
266.000000 612.016708
267.000000 608.992101
268.000000 608.386956
269.000000 607.279849
270.000000 606.457194
271.000000 605.616631
272.000000 603.656733
273.000000 602.732154
274.000000 601.862910
275.000000 601.026406
276.000000 600.022727
277.000000 598.889645
278.000000 597.199607
279.000000 596.412556
280.000000 595.388308
281.000000 594.031442
282.000000 592.674994
283.000000 591.131247
284.000000 590.604419
285.000000 589.153656
286.000000 588.288910
287.000000 587.114114
288.000000 586.284719
289.000000 584.104290
290.000000 583.275156
291.000000 581.227193
292.000000 580.238377
293.000000 578.398945
294.000000 577.021424
295.000000 576.199672
296.000000 575.228000
297.000000 574.168984
298.000000 573.415782
299.000000 572.515286
300.000000 571.611511
301.000000 570.492264
302.000000 567.746859
303.000000 566.973466
304.000000 566.224871
305.000000 565.535973
306.000000 564.518852
307.000000 563.456768
308.000000 561.736852
309.000000 560.837968
310.000000 559.354635
311.000000 557.567121
312.000000 556.690316
313.000000 555.727845
314.000000 554.706217
315.000000 553.816205
316.000000 553.063471
317.000000 552.308512
318.000000 550.856344
319.000000 548.312523
320.000000 548.351937
321.000000 547.415279
322.000000 546.981507
323.000000 546.172476
324.000000 544.243420
325.000000 543.488633
326.000000 542.227610
327.000000 541.658597
328.000000 540.411065
329.000000 539.787164
330.000000 537.769345
331.000000 537.082844
332.000000 536.437029
333.000000 535.692626
334.000000 534.999679
335.000000 532.994575
336.000000 532.713364
337.000000 530.362521
338.000000 529.970973
339.000000 529.187098
340.000000 527.543680
341.000000 527.045585
342.000000 526.255555
343.000000 525.550816
344.000000 524.653905
345.000000 522.707054
346.000000 521.298425
347.000000 520.442198
348.000000 520.008338
349.000000 518.688694
350.000000 518.091524
351.000000 517.496495
352.000000 515.685979
353.000000 514.987611
354.000000 514.408191
355.000000 513.771834
356.000000 513.060542
357.000000 512.453177
358.000000 510.720332
359.000000 509.968654
360.000000 508.728656
361.000000 507.813230
362.000000 507.033293
363.000000 506.285566
364.000000 505.751082
365.000000 504.715915
366.000000 504.070316
367.000000 502.848513
368.000000 502.179893
369.000000 501.578825
370.000000 500.716031
371.000000 499.391008
372.000000 498.796775
373.000000 497.467869
374.000000 496.871601
375.000000 496.288402
376.000000 495.185000
377.000000 493.906443
378.000000 493.362150
379.000000 492.780330
380.000000 492.035397
381.000000 491.493529
382.000000 490.934319
383.000000 489.736567
384.000000 488.959463
385.000000 487.877648
386.000000 487.094396
387.000000 486.117313
388.000000 485.517065
389.000000 484.867460
390.000000 484.294640
391.000000 483.594612
392.000000 482.993786
393.000000 481.314253
394.000000 480.705818
395.000000 479.870819
396.000000 479.062545
397.000000 478.516302
398.000000 478.030635
399.000000 477.054159
400.000000 475.998743
401.000000 475.002621
402.000000 473.420468
403.000000 472.876784
404.000000 472.480455
405.000000 471.114306
406.000000 470.418575
407.000000 469.973956
408.000000 469.436457
409.000000 468.888944
410.000000 467.662173
411.000000 467.223913
412.000000 466.664412
413.000000 466.088598
414.000000 465.548863
415.000000 464.899510
416.000000 464.706123
417.000000 462.736643
418.000000 462.331536
419.000000 461.785274
420.000000 461.121262
421.000000 460.559849
422.000000 458.698220
423.000000 457.938294
424.000000 457.481206
425.000000 456.646823
426.000000 456.243825
427.000000 455.687731
428.000000 455.164148
429.000000 454.678822
430.000000 453.428237
431.000000 453.192915
432.000000 451.688960
433.000000 451.204522
434.000000 450.279300
435.000000 449.669088
436.000000 448.627163
437.000000 447.741751
438.000000 447.329921
439.000000 446.916884
440.000000 446.020862
441.000000 445.166333
442.000000 444.231290
443.000000 442.700477
444.000000 442.114497
445.000000 441.417940
446.000000 440.635112
447.000000 440.179156
448.000000 439.778388
449.000000 438.600519
450.000000 437.931298
451.000000 437.429445
452.000000 436.981199
453.000000 436.525524
454.000000 435.911094
455.000000 435.308365
456.000000 434.866924
457.000000 434.339144
458.000000 433.921521
459.000000 433.445424
460.000000 432.772757
461.000000 431.737046
462.000000 431.034350
463.000000 430.051671
464.000000 429.542151
465.000000 429.058367
466.000000 428.072130
467.000000 427.625158
468.000000 426.959681
469.000000 426.502402
470.000000 426.025349
471.000000 425.516004
472.000000 425.117215
473.000000 424.108890
474.000000 423.315596
475.000000 422.920338
476.000000 422.190005
477.000000 421.675520
478.000000 420.300213
479.000000 420.147806
480.000000 418.888075
481.000000 418.503535
482.000000 417.442127
483.000000 416.924222
484.000000 416.577629
485.000000 416.207498
486.000000 415.780531
487.000000 415.330183
488.000000 414.769753
489.000000 413.794211
490.000000 413.101465
491.000000 412.689015
492.000000 412.268985
493.000000 411.897518
494.000000 411.487301
495.000000 410.783304
496.000000 410.336868
497.000000 409.569842
498.000000 409.264532
499.000000 408.911165
